MEME version 4

ALPHABET= ACGT

strands: + -

Background letter frequencies (from uniform background):
A 0.25000 C 0.25000 G 0.25000 T 0.25000 

MOTIF AC0001:DLX/LHX:Homeodomain AC0001:DLX/LHX:Homeodomain

letter-probability matrix: alength= 4 w= 6 nsites= 20 E= 0
  0.014812	  0.085107	  0.008622	  0.891459	
  0.868196	  0.081842	  0.037794	  0.012168	
  0.990919	  0.002737	  0.003995	  0.002349	
  0.002690	  0.003078	  0.007087	  0.987145	
  0.012626	  0.048229	  0.096419	  0.842726	
  0.638595	  0.010997	  0.330025	  0.020383	

MOTIF AC0002:EMX/PAX:Homeodomain AC0002:EMX/PAX:Homeodomain

letter-probability matrix: alength= 4 w= 12 nsites= 20 E= 0
  0.668586	  0.140468	  0.076402	  0.114545	
  0.896772	  0.031313	  0.033975	  0.037940	
  0.020612	  0.030272	  0.034773	  0.914343	
  0.053280	  0.066450	  0.062583	  0.817687	
  0.627433	  0.049547	  0.263468	  0.059552	
  0.254748	  0.205088	  0.443879	  0.096285	
  0.094888	  0.436620	  0.174723	  0.293768	
  0.067250	  0.267322	  0.069430	  0.595998	
  0.808790	  0.059035	  0.064032	  0.068143	
  0.910892	  0.040038	  0.025343	  0.023727	
  0.040868	  0.032427	  0.030108	  0.896597	
  0.151267	  0.061223	  0.159145	  0.628366	

MOTIF AC0003:HOXB/BARHL:Homeodomain AC0003:HOXB/BARHL:Homeodomain

letter-probability matrix: alength= 4 w= 6 nsites= 20 E= 0
  0.061277	  0.058515	  0.019880	  0.860328	
  0.837687	  0.050808	  0.061683	  0.049822	
  0.970973	  0.006401	  0.010139	  0.012487	
  0.038064	  0.022420	  0.039854	  0.899662	
  0.067880	  0.081409	  0.171106	  0.679605	
  0.512596	  0.031021	  0.388895	  0.067488	

MOTIF AC0004:PAX/LHX:Homeodomain AC0004:PAX/LHX:Homeodomain

letter-probability matrix: alength= 4 w= 6 nsites= 20 E= 0
  0.133301	  0.119357	  0.041161	  0.706180	
  0.696846	  0.075819	  0.180546	  0.046789	
  0.923801	  0.025413	  0.024870	  0.025916	
  0.055114	  0.093221	  0.082394	  0.769271	
  0.115221	  0.135567	  0.275638	  0.473573	
  0.468973	  0.098516	  0.309705	  0.122806	

MOTIF AC0005:POU6F/NKX:Homeodomain AC0005:POU6F/NKX:Homeodomain

letter-probability matrix: alength= 4 w= 6 nsites= 20 E= 0
  0.032235	  0.249031	  0.015921	  0.702812	
  0.313236	  0.615267	  0.042915	  0.028582	
  0.867378	  0.013166	  0.118143	  0.001313	
  0.000377	  0.008425	  0.001810	  0.989388	
  0.004990	  0.049411	  0.019421	  0.926178	
  0.900562	  0.006371	  0.061966	  0.031101	

MOTIF AC0006:POU3F/POU1F:Homeodomain,POU AC0006:POU3F/POU1F:Homeodomain,POU

letter-probability matrix: alength= 4 w= 11 nsites= 20 E= 0
  0.028714	  0.009164	  0.001321	  0.960801	
  0.989711	  0.001851	  0.005834	  0.002604	
  0.997031	  0.001043	  0.001073	  0.000853	
  0.000439	  0.010054	  0.002120	  0.987387	
  0.014909	  0.040320	  0.779626	  0.165145	
  0.932318	  0.005882	  0.032534	  0.029266	
  0.010606	  0.100105	  0.504943	  0.384346	
  0.966061	  0.006411	  0.017753	  0.009775	
  0.001870	  0.003164	  0.003369	  0.991597	
  0.022515	  0.002735	  0.919093	  0.055657	
  0.004801	  0.944495	  0.012714	  0.037990	

MOTIF AC0007:POU2F:Homeodomain,POU AC0007:POU2F:Homeodomain,POU

letter-probability matrix: alength= 4 w= 13 nsites= 20 E= 0
  0.500000	  0.000000	  0.500000	  0.000000	
  0.166670	  0.500000	  0.000000	  0.333330	
  1.000000	  0.000000	  0.000000	  0.000000	
  0.000000	  0.000000	  0.000000	  1.000000	
  0.000000	  0.333330	  0.500000	  0.166670	
  0.333330	  0.166670	  0.000000	  0.500000	
  0.500000	  0.500000	  0.000000	  0.000000	
  1.000000	  0.000000	  0.000000	  0.000000	
  0.333330	  0.000000	  0.166670	  0.500000	
  0.166668	  0.000000	  0.166668	  0.666663	
  0.333330	  0.166670	  0.166670	  0.333330	
  0.333330	  0.166670	  0.000000	  0.500000	
  0.000000	  0.166668	  0.666663	  0.166668	

MOTIF AC0008:GATA:GATA AC0008:GATA:GATA

letter-probability matrix: alength= 4 w= 15 nsites= 20 E= 0
  0.069635	  0.068420	  0.802395	  0.059550	
  0.890285	  0.031430	  0.032890	  0.045395	
  0.012965	  0.049315	  0.010170	  0.927550	
  0.909545	  0.031000	  0.027725	  0.031730	
  0.882890	  0.055985	  0.034200	  0.026925	
  0.055850	  0.185216	  0.325202	  0.433732	
  0.275940	  0.117230	  0.430655	  0.176175	
  0.263920	  0.242165	  0.225745	  0.268170	
  0.188758	  0.425791	  0.118809	  0.266642	
  0.434340	  0.319400	  0.196065	  0.050195	
  0.036165	  0.022645	  0.070095	  0.871095	
  0.036765	  0.028155	  0.040875	  0.894205	
  0.917540	  0.016070	  0.052280	  0.014110	
  0.046840	  0.033835	  0.032945	  0.886380	
  0.060745	  0.805405	  0.063420	  0.070430	

MOTIF AC0009:DUXA/DUX:Homeodomain AC0009:DUXA/DUX:Homeodomain

letter-probability matrix: alength= 4 w= 11 nsites= 20 E= 0
  0.122042	  0.128632	  0.036210	  0.713115	
  0.732080	  0.002283	  0.261757	  0.003880	
  0.991608	  0.002242	  0.003873	  0.002277	
  0.079772	  0.368949	  0.061853	  0.489427	
  0.004277	  0.422560	  0.178672	  0.394492	
  0.005983	  0.268765	  0.084478	  0.640774	
  0.940041	  0.037098	  0.015873	  0.006988	
  0.991630	  0.002580	  0.003210	  0.002580	
  0.000618	  0.000438	  0.002313	  0.996631	
  0.000000	  0.961024	  0.001448	  0.037528	
  0.912430	  0.008477	  0.028010	  0.051083	

MOTIF AC0010:PROP/ALX:Homeodomain AC0010:PROP/ALX:Homeodomain

letter-probability matrix: alength= 4 w= 11 nsites= 20 E= 0
  0.095116	  0.049292	  0.017036	  0.838556	
  0.875602	  0.009622	  0.070040	  0.044736	
  0.987416	  0.004370	  0.004126	  0.004088	
  0.038947	  0.152416	  0.019164	  0.789473	
  0.041593	  0.296416	  0.120069	  0.541922	
  0.355304	  0.183645	  0.167969	  0.293082	
  0.595305	  0.131389	  0.241178	  0.032128	
  0.843874	  0.026399	  0.105725	  0.024002	
  0.005868	  0.008595	  0.004820	  0.980717	
  0.053304	  0.070216	  0.008710	  0.867770	
  0.870547	  0.015172	  0.039590	  0.074691	

MOTIF AC0011:POU3F:Homeodomain,POU AC0011:POU3F:Homeodomain,POU

letter-probability matrix: alength= 4 w= 13 nsites= 20 E= 0
  0.083331	  0.750008	  0.083331	  0.083331	
  0.916670	  0.000000	  0.000000	  0.083330	
  0.083330	  0.000000	  0.000000	  0.916670	
  0.100000	  0.300000	  0.300000	  0.300000	
  0.100000	  0.500000	  0.300000	  0.100000	
  0.400000	  0.000000	  0.400000	  0.200000	
  0.500000	  0.000000	  0.000000	  0.500000	
  1.000000	  0.000000	  0.000000	  0.000000	
  1.000000	  0.000000	  0.000000	  0.000000	
  0.083330	  0.000000	  0.000000	  0.916670	
  0.333330	  0.166670	  0.416670	  0.083330	
  0.500005	  0.333333	  0.083331	  0.083331	
  0.416666	  0.000000	  0.416666	  0.166668	

MOTIF AC0012:POU3F:Homeodomain,POU AC0012:POU3F:Homeodomain,POU

letter-probability matrix: alength= 4 w= 11 nsites= 20 E= 0
  0.666663	  0.166668	  0.166668	  0.000000	
  0.000000	  0.333333	  0.333333	  0.333333	
  0.000000	  0.166668	  0.166668	  0.666663	
  0.000000	  0.333333	  0.333333	  0.333333	
  0.166668	  0.000000	  0.166668	  0.666663	
  0.666670	  0.000000	  0.000000	  0.333330	
  1.000000	  0.000000	  0.000000	  0.000000	
  0.333330	  0.000000	  0.000000	  0.666670	
  0.166670	  0.000000	  0.000000	  0.833330	
  0.000000	  0.666663	  0.166668	  0.166668	
  0.333330	  0.500000	  0.166670	  0.000000	

MOTIF AC0013:ZNF:C2H2_ZF AC0013:ZNF:C2H2_ZF

letter-probability matrix: alength= 4 w= 13 nsites= 20 E= 0
  0.099140	  0.024420	  0.064660	  0.811780	
  0.012930	  0.041670	  0.030170	  0.915230	
  0.622124	  0.277297	  0.099139	  0.001440	
  0.035920	  0.840520	  0.035920	  0.087640	
  0.001440	  0.053160	  0.012930	  0.932470	
  0.639370	  0.087640	  0.041670	  0.231320	
  0.783050	  0.001440	  0.168100	  0.047410	
  0.007180	  0.024420	  0.007180	  0.961220	
  0.242818	  0.104889	  0.455455	  0.196838	
  0.604884	  0.219828	  0.110629	  0.064659	
  0.760052	  0.001440	  0.116379	  0.122129	
  0.007180	  0.001440	  0.966960	  0.024420	
  0.127870	  0.196840	  0.219830	  0.455460	

MOTIF AC0014:FOXR/LCORL:Forkhead AC0014:FOXR/LCORL:Forkhead

letter-probability matrix: alength= 4 w= 5 nsites= 20 E= 0
  0.230065	  0.471605	  0.094150	  0.204180	
  0.855285	  0.021560	  0.064405	  0.058750	
  0.851321	  0.080430	  0.003605	  0.064645	
  0.597587	  0.047625	  0.094135	  0.260654	
  0.211085	  0.412210	  0.071805	  0.304900	

MOTIF AC0015:PAX/VSX:Homeodomain AC0015:PAX/VSX:Homeodomain

letter-probability matrix: alength= 4 w= 4 nsites= 20 E= 0
  0.174468	  0.155307	  0.091907	  0.578318	
  0.602239	  0.112644	  0.164437	  0.120680	
  0.737435	  0.066807	  0.093324	  0.102433	
  0.092642	  0.149908	  0.119619	  0.637831	

MOTIF AC0016:MSX:Homeodomain AC0016:MSX:Homeodomain

letter-probability matrix: alength= 4 w= 9 nsites= 20 E= 0
  0.153850	  0.615380	  0.076920	  0.153850	
  0.230770	  0.307690	  0.230770	  0.230770	
  0.076920	  0.230770	  0.538460	  0.153850	
  0.076921	  0.076921	  0.076921	  0.769238	
  0.615386	  0.076921	  0.076921	  0.230772	
  0.538460	  0.153850	  0.000000	  0.307690	
  0.307690	  0.153850	  0.153850	  0.384610	
  0.000000	  0.076921	  0.076921	  0.846158	
  0.076921	  0.076921	  0.769238	  0.076921	

MOTIF AC0017:POU2F:Homeodomain,POU AC0017:POU2F:Homeodomain,POU

letter-probability matrix: alength= 4 w= 11 nsites= 20 E= 0
  0.654510	  0.130520	  0.214970	  0.000000	
  0.056180	  0.056180	  0.121350	  0.766290	
  0.050630	  0.202530	  0.027430	  0.719410	
  0.687500	  0.020160	  0.022180	  0.270160	
  0.052940	  0.273530	  0.344120	  0.329410	
  0.017590	  0.486805	  0.431084	  0.064521	
  0.416424	  0.258063	  0.161292	  0.164222	
  0.225000	  0.064580	  0.000000	  0.710420	
  0.789358	  0.064811	  0.064811	  0.081021	
  0.852500	  0.135000	  0.000000	  0.012500	
  0.035050	  0.220620	  0.041240	  0.703090	

MOTIF AC0018:CUX:CUT,Homeodomain AC0018:CUX:CUT,Homeodomain

letter-probability matrix: alength= 4 w= 6 nsites= 20 E= 0
  0.154942	  0.084920	  0.342990	  0.417147	
  0.946125	  0.002290	  0.005633	  0.045952	
  0.017445	  0.020790	  0.000233	  0.961532	
  0.089835	  0.490847	  0.031707	  0.387610	
  0.260052	  0.030135	  0.641716	  0.068097	
  0.353240	  0.113173	  0.452543	  0.081043	

MOTIF AC0019:TLX/PAX:Homeodomain AC0019:TLX/PAX:Homeodomain

letter-probability matrix: alength= 4 w= 21 nsites= 20 E= 0
  0.793233	  0.057880	  0.053045	  0.095842	
  0.874610	  0.017210	  0.041205	  0.066975	
  0.155059	  0.056877	  0.047712	  0.740352	
  0.137932	  0.059180	  0.131738	  0.671150	
  0.245902	  0.018493	  0.665310	  0.070295	
  0.263053	  0.285520	  0.223167	  0.228260	
  0.228611	  0.301831	  0.241277	  0.228282	
  0.266496	  0.291808	  0.201448	  0.240248	
  0.237235	  0.289510	  0.188495	  0.284760	
  0.270762	  0.228462	  0.204082	  0.296694	
  0.316731	  0.216016	  0.227303	  0.239951	
  0.303328	  0.212512	  0.192702	  0.291458	
  0.325096	  0.200113	  0.175531	  0.299261	
  0.301304	  0.220965	  0.230193	  0.247537	
  0.209327	  0.386576	  0.184548	  0.219548	
  0.354933	  0.228272	  0.182669	  0.234126	
  0.353530	  0.370508	  0.136145	  0.139817	
  0.333509	  0.154495	  0.165065	  0.346931	
  0.322757	  0.325599	  0.067077	  0.284567	
  0.403433	  0.157065	  0.089795	  0.349706	
  0.324433	  0.178769	  0.100274	  0.396523	

MOTIF AC0020:TLX:Homeodomain AC0020:TLX:Homeodomain

letter-probability matrix: alength= 4 w= 20 nsites= 20 E= 0
  0.922080	  0.021650	  0.030300	  0.025970	
  0.946670	  0.004440	  0.031110	  0.017780	
  0.056031	  0.021550	  0.004310	  0.918109	
  0.054950	  0.062270	  0.102560	  0.780220	
  0.018020	  0.018020	  0.959450	  0.004510	
  0.127359	  0.334907	  0.273587	  0.264147	
  0.169010	  0.239440	  0.258220	  0.333330	
  0.174528	  0.301887	  0.283017	  0.240568	
  0.258220	  0.169010	  0.276990	  0.295780	
  0.271027	  0.158878	  0.271027	  0.299067	
  0.286387	  0.286387	  0.117369	  0.309857	
  0.311317	  0.254717	  0.193398	  0.240568	
  0.253523	  0.276993	  0.305163	  0.164322	
  0.309860	  0.281690	  0.239440	  0.169010	
  0.267607	  0.262907	  0.319247	  0.150238	
  0.008930	  0.950890	  0.017860	  0.022320	
  0.780212	  0.095239	  0.043960	  0.080589	
  0.902540	  0.008470	  0.021190	  0.067800	
  0.013890	  0.000000	  0.000000	  0.986110	
  0.021740	  0.030440	  0.021740	  0.926081	

MOTIF AC0021:HOXD/FOXC:Homeodomain AC0021:HOXD/FOXC:Homeodomain

letter-probability matrix: alength= 4 w= 6 nsites= 20 E= 0
  0.434628	  0.198858	  0.104687	  0.261826	
  0.484737	  0.057908	  0.143583	  0.313772	
  0.078657	  0.073933	  0.035319	  0.812091	
  0.379395	  0.111334	  0.068824	  0.440446	
  0.809613	  0.037682	  0.061540	  0.091165	
  0.340821	  0.219129	  0.084986	  0.355063	

MOTIF AC0022:BARHL/BARX:Homeodomain AC0022:BARHL/BARX:Homeodomain

letter-probability matrix: alength= 4 w= 15 nsites= 20 E= 0
  0.066400	  0.017823	  0.005933	  0.909843	
  0.927476	  0.003480	  0.023307	  0.045737	
  0.988857	  0.002993	  0.004687	  0.003463	
  0.291702	  0.040417	  0.116548	  0.551333	
  0.073446	  0.370037	  0.129136	  0.427380	
  0.125983	  0.045660	  0.744297	  0.084060	
  0.193138	  0.264551	  0.285064	  0.257248	
  0.138960	  0.239656	  0.105143	  0.516241	
  0.295599	  0.210529	  0.254112	  0.239759	
  0.203392	  0.247276	  0.106637	  0.442695	
  0.096790	  0.031093	  0.019807	  0.852310	
  0.606213	  0.005627	  0.009823	  0.378337	
  0.980913	  0.002920	  0.011397	  0.004770	
  0.617927	  0.011167	  0.063567	  0.307339	
  0.070280	  0.275877	  0.089370	  0.564473	

MOTIF AC0023:HOXA/CDX:Homeodomain AC0023:HOXA/CDX:Homeodomain

letter-probability matrix: alength= 4 w= 7 nsites= 20 E= 0
  0.197943	  0.007277	  0.050553	  0.744227	
  0.391316	  0.058993	  0.094773	  0.454919	
  0.993170	  0.000000	  0.004177	  0.002653	
  0.063933	  0.204088	  0.136250	  0.595729	
  0.067890	  0.095547	  0.465808	  0.370756	
  0.341790	  0.000000	  0.658210	  0.000000	
  0.075963	  0.631213	  0.129537	  0.163287	

MOTIF AC0024:POU3F/HESX:Homeodomain AC0024:POU3F/HESX:Homeodomain

letter-probability matrix: alength= 4 w= 15 nsites= 20 E= 0
  0.119374	  0.128332	  0.054648	  0.697646	
  0.684091	  0.085901	  0.128188	  0.101820	
  0.848755	  0.031392	  0.054841	  0.065012	
  0.064029	  0.071040	  0.094174	  0.770757	
  0.113123	  0.098679	  0.212467	  0.575730	
  0.441656	  0.081339	  0.341305	  0.135700	
  0.229038	  0.245046	  0.364871	  0.161046	
  0.232892	  0.277047	  0.247607	  0.242454	
  0.205418	  0.265329	  0.221955	  0.307298	
  0.262928	  0.246831	  0.269727	  0.220514	
  0.268496	  0.258885	  0.229371	  0.243248	
  0.191044	  0.198418	  0.167207	  0.443332	
  0.389629	  0.208042	  0.173097	  0.229232	
  0.494271	  0.154779	  0.175592	  0.175358	
  0.174952	  0.185437	  0.180839	  0.458773	

MOTIF AC0025:ZNF:C2H2_ZF AC0025:ZNF:C2H2_ZF

letter-probability matrix: alength= 4 w= 15 nsites= 20 E= 0
  0.068069	  0.096099	  0.069069	  0.766762	
  0.653000	  0.030000	  0.292000	  0.025000	
  0.046000	  0.859000	  0.050000	  0.045000	
  0.567000	  0.180000	  0.205000	  0.048000	
  0.015020	  0.840840	  0.013010	  0.131130	
  0.204000	  0.239000	  0.513000	  0.044000	
  0.614000	  0.217000	  0.083000	  0.086000	
  0.006010	  0.048050	  0.017020	  0.928921	
  0.007000	  0.112000	  0.221000	  0.660000	
  0.684687	  0.133131	  0.175172	  0.007010	
  0.535540	  0.085080	  0.307310	  0.072070	
  0.113000	  0.181000	  0.339000	  0.367000	
  0.834000	  0.040000	  0.098000	  0.028000	
  0.006000	  0.074000	  0.052000	  0.868000	
  0.041960	  0.901100	  0.020980	  0.035960	

MOTIF AC0026:HMX/ISL:Homeodomain AC0026:HMX/ISL:Homeodomain

letter-probability matrix: alength= 4 w= 6 nsites= 20 E= 0
  0.124223	  0.068243	  0.014660	  0.792874	
  0.807907	  0.000412	  0.118836	  0.072845	
  0.971766	  0.017360	  0.005075	  0.005799	
  0.041038	  0.015625	  0.559842	  0.383495	
  0.012749	  0.073599	  0.007630	  0.906022	
  0.078581	  0.008368	  0.894781	  0.018270	

MOTIF AC0027:NKX:Homeodomain AC0027:NKX:Homeodomain

letter-probability matrix: alength= 4 w= 6 nsites= 20 E= 0
  0.054867	  0.295215	  0.145880	  0.504038	
  0.866626	  0.004768	  0.124412	  0.004194	
  0.987699	  0.004912	  0.003677	  0.003712	
  0.001344	  0.000560	  0.990869	  0.007227	
  0.035050	  0.001428	  0.012379	  0.951143	
  0.127279	  0.003562	  0.864631	  0.004528	

MOTIF AC0028:ZNF:C2H2_ZF AC0028:ZNF:C2H2_ZF

letter-probability matrix: alength= 4 w= 19 nsites= 20 E= 0
  0.230750	  0.032980	  0.696630	  0.039640	
  0.628534	  0.107609	  0.247538	  0.016320	
  0.251403	  0.552036	  0.056971	  0.139591	
  0.839890	  0.031640	  0.076960	  0.051510	
  0.558710	  0.086820	  0.179570	  0.174900	
  0.142120	  0.278850	  0.066960	  0.512070	
  0.516720	  0.126930	  0.040980	  0.315370	
  0.274180	  0.338150	  0.239540	  0.148130	
  0.034300	  0.685980	  0.016320	  0.263400	
  0.965700	  0.016320	  0.008990	  0.008990	
  0.933709	  0.024990	  0.032310	  0.008990	
  0.298170	  0.001000	  0.699830	  0.001000	
  0.308827	  0.005000	  0.001000	  0.685173	
  0.008330	  0.001000	  0.989670	  0.001000	
  0.001000	  0.291513	  0.294043	  0.413444	
  0.246200	  0.094940	  0.024320	  0.634540	
  0.064300	  0.067630	  0.729150	  0.138920	
  0.521390	  0.016990	  0.409450	  0.052170	
  0.024320	  0.777780	  0.012990	  0.184910	

MOTIF AC0029:NKX/MSANTD:['Homeo_domain_factors'] AC0029:NKX/MSANTD:['Homeo_domain_factors']

letter-probability matrix: alength= 4 w= 7 nsites= 20 E= 0
  0.036498	  0.836024	  0.015110	  0.112368	
  0.890168	  0.026142	  0.006030	  0.077660	
  0.021458	  0.932078	  0.017500	  0.028964	
  0.023944	  0.009476	  0.004948	  0.961632	
  0.030518	  0.880424	  0.021662	  0.067396	
  0.765030	  0.148634	  0.026518	  0.059818	
  0.593833	  0.254537	  0.064764	  0.086866	

MOTIF AC0030:NKX:Homeodomain AC0030:NKX:Homeodomain

letter-probability matrix: alength= 4 w= 6 nsites= 20 E= 0
  0.157695	  0.297663	  0.173334	  0.371308	
  0.589393	  0.049040	  0.250738	  0.110829	
  0.848034	  0.017622	  0.010832	  0.123512	
  0.094440	  0.055375	  0.701613	  0.148572	
  0.221381	  0.039250	  0.150079	  0.589290	
  0.287327	  0.039452	  0.579971	  0.093250	

MOTIF AC0031:NKX:Homeodomain AC0031:NKX:Homeodomain

letter-probability matrix: alength= 4 w= 6 nsites= 20 E= 0
  0.076151	  0.114231	  0.537075	  0.272543	
  0.422846	  0.034070	  0.519035	  0.024050	
  0.979960	  0.016030	  0.000000	  0.004010	
  0.036070	  0.004010	  0.959920	  0.000000	
  0.545090	  0.060120	  0.018040	  0.376750	
  0.198400	  0.002000	  0.769540	  0.030060	

MOTIF AC0032:LHX:Homeodomain AC0032:LHX:Homeodomain

letter-probability matrix: alength= 4 w= 12 nsites= 20 E= 0
  0.043080	  0.038276	  0.017656	  0.900988	
  0.505555	  0.012446	  0.465937	  0.016062	
  0.959892	  0.009718	  0.025468	  0.004922	
  0.018894	  0.035594	  0.038156	  0.907356	
  0.016396	  0.029360	  0.029842	  0.924402	
  0.107910	  0.011472	  0.879598	  0.001020	
  0.004868	  0.885186	  0.012988	  0.096958	
  0.920476	  0.030916	  0.032860	  0.015748	
  0.931868	  0.031926	  0.020628	  0.015578	
  0.006852	  0.028020	  0.017144	  0.947984	
  0.018118	  0.522659	  0.009544	  0.449679	
  0.900614	  0.012286	  0.038440	  0.048660	

MOTIF AC0033:ZNF354A/ZNF354B:C2H2_ZF AC0033:ZNF354A/ZNF354B:C2H2_ZF

letter-probability matrix: alength= 4 w= 13 nsites= 20 E= 0
  0.096717	  0.043907	  0.087840	  0.771536	
  0.135153	  0.055137	  0.013183	  0.796527	
  0.004327	  0.033950	  0.018820	  0.942903	
  0.910141	  0.007143	  0.049810	  0.032907	
  0.177241	  0.007413	  0.579644	  0.235702	
  0.299047	  0.179577	  0.098373	  0.423003	
  0.039077	  0.731397	  0.045387	  0.184139	
  0.060097	  0.892871	  0.002853	  0.044180	
  0.867857	  0.107523	  0.011840	  0.012780	
  0.025127	  0.026197	  0.008753	  0.939923	
  0.002853	  0.002180	  0.006477	  0.988490	
  0.096613	  0.118213	  0.087493	  0.697681	
  0.739801	  0.083870	  0.089373	  0.086957	

MOTIF AC0034:BARHL:Homeodomain AC0034:BARHL:Homeodomain

letter-probability matrix: alength= 4 w= 6 nsites= 20 E= 0
  0.036335	  0.000788	  0.000485	  0.962392	
  0.854762	  0.004259	  0.012078	  0.128901	
  0.993243	  0.002877	  0.000126	  0.003754	
  0.721548	  0.010584	  0.060560	  0.207308	
  0.006408	  0.682045	  0.003206	  0.308341	
  0.079292	  0.000090	  0.866828	  0.053790	

MOTIF AC0035:VENTX:Homeodomain AC0035:VENTX:Homeodomain

letter-probability matrix: alength= 4 w= 17 nsites= 20 E= 0
  0.005550	  0.000910	  0.002040	  0.991500	
  0.989340	  0.002680	  0.006980	  0.001000	
  0.985940	  0.006400	  0.006590	  0.001070	
  0.000970	  0.002560	  0.004610	  0.991860	
  0.005800	  0.504525	  0.373766	  0.115909	
  0.037120	  0.041020	  0.904819	  0.017040	
  0.288787	  0.067159	  0.622404	  0.021650	
  0.709157	  0.002540	  0.012970	  0.275333	
  0.885691	  0.002650	  0.003100	  0.108559	
  0.879121	  0.017480	  0.002900	  0.100499	
  0.597340	  0.231000	  0.153650	  0.018010	
  0.005560	  0.988270	  0.003250	  0.002920	
  0.065780	  0.059470	  0.873630	  0.001120	
  0.989600	  0.007100	  0.000750	  0.002550	
  0.000910	  0.000460	  0.001540	  0.997090	
  0.000660	  0.001650	  0.000660	  0.997030	
  0.990370	  0.000820	  0.001450	  0.007360	

MOTIF AC0036:FOXO:Forkhead AC0036:FOXO:Forkhead

letter-probability matrix: alength= 4 w= 14 nsites= 20 E= 0
  0.138950	  0.005853	  0.853057	  0.002140	
  0.039645	  0.028550	  0.007327	  0.924478	
  0.801045	  0.192625	  0.000790	  0.005540	
  0.978535	  0.013098	  0.004672	  0.003695	
  0.998280	  0.000742	  0.000390	  0.000588	
  0.000930	  0.978230	  0.000480	  0.020360	
  0.988808	  0.000387	  0.001713	  0.009092	
  0.026752	  0.005727	  0.002518	  0.965003	
  0.032197	  0.001118	  0.965960	  0.000725	
  0.003760	  0.007332	  0.001790	  0.987118	
  0.008313	  0.002512	  0.019492	  0.969683	
  0.010022	  0.003470	  0.195203	  0.791305	
  0.903886	  0.015470	  0.015332	  0.065312	
  0.003342	  0.803308	  0.007660	  0.185690	

MOTIF AC0037:FOXJ:Forkhead AC0037:FOXJ:Forkhead

letter-probability matrix: alength= 4 w= 11 nsites= 20 E= 0
  0.023480	  0.082185	  0.016380	  0.877954	
  0.447677	  0.034865	  0.511283	  0.006175	
  0.000000	  0.010415	  0.005955	  0.983630	
  0.002900	  0.000000	  0.062301	  0.934799	
  0.000665	  0.000395	  0.124756	  0.874184	
  0.963720	  0.005770	  0.012480	  0.018030	
  0.003610	  0.990040	  0.000000	  0.006350	
  0.995135	  0.003000	  0.000910	  0.000955	
  0.995325	  0.000520	  0.000000	  0.004155	
  0.010095	  0.703205	  0.000000	  0.286700	
  0.901650	  0.010050	  0.077495	  0.010805	

MOTIF AC0038:FOXO/FOXP:Forkhead AC0038:FOXO/FOXP:Forkhead

letter-probability matrix: alength= 4 w= 7 nsites= 20 E= 0
  0.233666	  0.026164	  0.723901	  0.016270	
  0.064333	  0.015545	  0.020049	  0.900073	
  0.907455	  0.064544	  0.009155	  0.018846	
  0.947048	  0.021210	  0.008237	  0.023505	
  0.971106	  0.010132	  0.007309	  0.011453	
  0.020461	  0.901293	  0.010559	  0.067687	
  0.970626	  0.009491	  0.007920	  0.011963	

MOTIF AC0039:FOXD/FOXK:Forkhead AC0039:FOXD/FOXK:Forkhead

letter-probability matrix: alength= 4 w= 9 nsites= 20 E= 0
  0.070204	  0.096855	  0.021209	  0.811732	
  0.129258	  0.005630	  0.863753	  0.001359	
  0.045525	  0.072152	  0.036246	  0.846077	
  0.044850	  0.010840	  0.149949	  0.794361	
  0.021080	  0.017478	  0.261667	  0.699775	
  0.727530	  0.027167	  0.177227	  0.068075	
  0.004514	  0.663523	  0.053833	  0.278130	
  0.270237	  0.144078	  0.426978	  0.158706	
  0.158318	  0.222749	  0.130919	  0.488014	

MOTIF AC0040:FOXA/FOXC:Forkhead AC0040:FOXA/FOXC:Forkhead

letter-probability matrix: alength= 4 w= 9 nsites= 20 E= 0
  0.536668	  0.129276	  0.228765	  0.105291	
  0.440382	  0.114759	  0.144311	  0.300547	
  0.336951	  0.021871	  0.623522	  0.017656	
  0.058639	  0.198048	  0.013743	  0.729570	
  0.858265	  0.123534	  0.004732	  0.013469	
  0.948199	  0.035265	  0.006129	  0.010407	
  0.966477	  0.005756	  0.019766	  0.008001	
  0.004093	  0.726315	  0.007551	  0.262041	
  0.959451	  0.005786	  0.018451	  0.016312	

MOTIF AC0041:SRY:Sox AC0041:SRY:Sox

letter-probability matrix: alength= 4 w= 7 nsites= 20 E= 0
  0.826090	  0.000000	  0.000000	  0.173910	
  0.956520	  0.000000	  0.000000	  0.043480	
  0.695650	  0.000000	  0.043480	  0.260870	
  0.000000	  0.739130	  0.260870	  0.000000	
  0.608694	  0.000000	  0.043480	  0.347827	
  0.565220	  0.217390	  0.086960	  0.130430	
  0.521735	  0.347827	  0.086959	  0.043480	

MOTIF AC0042:FOXA/FOXB:Forkhead AC0042:FOXA/FOXB:Forkhead

letter-probability matrix: alength= 4 w= 12 nsites= 20 E= 0
  0.171095	  0.036050	  0.764547	  0.028308	
  0.054888	  0.201654	  0.013872	  0.729586	
  0.529455	  0.425752	  0.004215	  0.040578	
  0.962027	  0.019330	  0.005421	  0.013222	
  0.966969	  0.008715	  0.003268	  0.021048	
  0.000575	  0.084368	  0.002116	  0.912941	
  0.902559	  0.001928	  0.094315	  0.001198	
  0.026492	  0.006639	  0.008189	  0.958680	
  0.014618	  0.006119	  0.017434	  0.961829	
  0.124107	  0.004398	  0.271872	  0.599623	
  0.561988	  0.013259	  0.332685	  0.092068	
  0.033732	  0.687657	  0.044978	  0.233633	

MOTIF AC0043:FOXR:Forkhead AC0043:FOXR:Forkhead

letter-probability matrix: alength= 4 w= 14 nsites= 20 E= 0
  0.066364	  0.418286	  0.031050	  0.484300	
  0.594200	  0.055255	  0.345110	  0.005435	
  0.011750	  0.125455	  0.000540	  0.862255	
  0.999005	  0.000665	  0.000330	  0.000000	
  0.574035	  0.014745	  0.148920	  0.262300	
  0.925115	  0.000300	  0.073095	  0.001490	
  0.000300	  0.928795	  0.000000	  0.070905	
  0.986515	  0.005605	  0.006240	  0.001640	
  0.002470	  0.000330	  0.000660	  0.996540	
  0.995035	  0.000640	  0.002340	  0.001985	
  0.765175	  0.051600	  0.035325	  0.147900	
  0.996040	  0.001320	  0.001320	  0.001320	
  0.186570	  0.091995	  0.065805	  0.655630	
  0.518140	  0.070750	  0.404675	  0.006435	

MOTIF AC0044:ZSCAN:C2H2_ZF AC0044:ZSCAN:C2H2_ZF

letter-probability matrix: alength= 4 w= 22 nsites= 20 E= 0
  0.043800	  0.062040	  0.062040	  0.832120	
  0.510950	  0.000000	  0.452550	  0.036500	
  0.047450	  0.105839	  0.025550	  0.821162	
  0.587590	  0.040150	  0.346710	  0.025550	
  0.029200	  0.072990	  0.010950	  0.886860	
  0.598540	  0.040150	  0.361310	  0.000000	
  0.000000	  0.072990	  0.010950	  0.916060	
  0.751820	  0.007300	  0.237230	  0.003650	
  0.036500	  0.083940	  0.000000	  0.879560	
  0.558390	  0.000000	  0.441610	  0.000000	
  0.000000	  0.003650	  0.029200	  0.967150	
  0.401456	  0.047450	  0.551094	  0.000000	
  0.003650	  0.007300	  0.014600	  0.974450	
  0.536495	  0.000000	  0.423356	  0.040150	
  0.025550	  0.076640	  0.007300	  0.890510	
  0.726280	  0.000000	  0.273720	  0.000000	
  0.000000	  0.043800	  0.000000	  0.956200	
  0.751820	  0.018250	  0.175180	  0.054750	
  0.000000	  0.058390	  0.000000	  0.941610	
  0.832112	  0.010950	  0.127739	  0.029200	
  0.000000	  0.142339	  0.029200	  0.828462	
  0.631390	  0.058390	  0.277370	  0.032850	

MOTIF AC0045:ZNF:C2H2_ZF AC0045:ZNF:C2H2_ZF

letter-probability matrix: alength= 4 w= 21 nsites= 20 E= 0
  0.011500	  0.053375	  0.041775	  0.893349	
  0.164916	  0.321312	  0.123856	  0.389917	
  0.075505	  0.001350	  0.898166	  0.024980	
  0.688065	  0.000485	  0.311290	  0.000160	
  0.000550	  0.000390	  0.000725	  0.998335	
  0.000205	  0.990545	  0.000250	  0.009000	
  0.006430	  0.026845	  0.427910	  0.538815	
  0.614297	  0.214029	  0.095330	  0.076345	
  0.453893	  0.018210	  0.467593	  0.060305	
  0.272306	  0.296321	  0.312252	  0.119121	
  0.096144	  0.099609	  0.557229	  0.247018	
  0.056519	  0.084979	  0.575329	  0.283172	
  0.314165	  0.361545	  0.158745	  0.165545	
  0.391740	  0.243965	  0.253060	  0.111235	
  0.342890	  0.440110	  0.147885	  0.069115	
  0.877801	  0.005430	  0.112734	  0.004035	
  0.011960	  0.078335	  0.903330	  0.006375	
  0.002790	  0.050785	  0.001010	  0.945415	
  0.000265	  0.990135	  0.009420	  0.000180	
  0.988455	  0.000300	  0.000740	  0.010505	
  0.000170	  0.003030	  0.000905	  0.995895	

MOTIF AC0046:BACH/NFE:bZIP AC0046:BACH/NFE:bZIP

letter-probability matrix: alength= 4 w= 10 nsites= 20 E= 0
  0.010184	  0.015954	  0.021722	  0.952140	
  0.019411	  0.011319	  0.936689	  0.032581	
  0.950149	  0.027483	  0.011468	  0.010900	
  0.034287	  0.739807	  0.183329	  0.042577	
  0.081291	  0.029736	  0.028361	  0.860612	
  0.069605	  0.862759	  0.025739	  0.041897	
  0.903994	  0.014317	  0.040550	  0.041139	
  0.029319	  0.029179	  0.859578	  0.081924	
  0.031957	  0.870353	  0.054097	  0.043593	
  0.686828	  0.086619	  0.106848	  0.119705	

MOTIF AC0047:ZNF:C2H2_ZF AC0047:ZNF:C2H2_ZF

letter-probability matrix: alength= 4 w= 14 nsites= 20 E= 0
  0.092489	  0.902011	  0.004580	  0.000920	
  0.173078	  0.000920	  0.000920	  0.825082	
  0.011910	  0.125459	  0.861711	  0.000920	
  0.707873	  0.242668	  0.048540	  0.000920	
  0.000920	  0.165748	  0.000920	  0.832412	
  0.004580	  0.000920	  0.293957	  0.700543	
  0.766472	  0.231688	  0.000920	  0.000920	
  0.088830	  0.239010	  0.000920	  0.671240	
  0.180400	  0.217030	  0.000920	  0.601650	
  0.000920	  0.989920	  0.000920	  0.008240	
  0.817762	  0.008240	  0.173078	  0.000920	
  0.004580	  0.748170	  0.081500	  0.165750	
  0.008240	  0.953290	  0.000920	  0.037550	
  0.088829	  0.905671	  0.004580	  0.000920	

MOTIF AC0048:NFE2L/JUN:bZIP AC0048:NFE2L/JUN:bZIP

letter-probability matrix: alength= 4 w= 11 nsites= 20 E= 0
  0.251017	  0.212000	  0.203607	  0.333377	
  0.281889	  0.238358	  0.285555	  0.194198	
  0.280192	  0.264652	  0.192774	  0.262382	
  0.308510	  0.187687	  0.258083	  0.245720	
  0.239207	  0.234637	  0.303940	  0.222217	
  0.264754	  0.239081	  0.344664	  0.151501	
  0.686942	  0.083847	  0.208924	  0.020287	
  0.011110	  0.005747	  0.008757	  0.974386	
  0.026373	  0.000590	  0.941994	  0.031043	
  0.978140	  0.002353	  0.010177	  0.009330	
  0.022720	  0.673149	  0.179528	  0.124603	

MOTIF AC0049:JUND/JUN:bZIP AC0049:JUND/JUN:bZIP

letter-probability matrix: alength= 4 w= 8 nsites= 20 E= 0
  0.618654	  0.099822	  0.251103	  0.030421	
  0.003429	  0.009957	  0.004701	  0.981913	
  0.004659	  0.010686	  0.949961	  0.034694	
  0.960370	  0.019868	  0.007027	  0.012735	
  0.035348	  0.651494	  0.265073	  0.048085	
  0.026521	  0.006916	  0.073558	  0.893005	
  0.057297	  0.923414	  0.011541	  0.007748	
  0.975437	  0.005815	  0.012355	  0.006393	

MOTIF AC0050:ZSCAN5C:C2H2_ZF AC0050:ZSCAN5C:C2H2_ZF

letter-probability matrix: alength= 4 w= 13 nsites= 20 E= 0
  0.067980	  0.234650	  0.138160	  0.559210	
  0.111840	  0.179090	  0.108920	  0.600150	
  0.067980	  0.208330	  0.065060	  0.658630	
  0.471490	  0.035820	  0.483190	  0.009500	
  0.076750	  0.067980	  0.129390	  0.725880	
  0.202482	  0.009500	  0.243422	  0.544595	
  0.234650	  0.155700	  0.480260	  0.129390	
  0.945170	  0.012430	  0.000730	  0.041670	
  0.000730	  0.804830	  0.076750	  0.117690	
  0.000730	  0.021200	  0.041670	  0.936400	
  0.018270	  0.778518	  0.202482	  0.000730	
  0.722950	  0.085530	  0.076750	  0.114770	
  0.000730	  0.898390	  0.050440	  0.050440	

MOTIF AC0051:BATF/IRF:bZIP AC0051:BATF/IRF:bZIP

letter-probability matrix: alength= 4 w= 14 nsites= 20 E= 0
  0.060800	  0.194380	  0.559831	  0.184990	
  0.773516	  0.036842	  0.032800	  0.156842	
  0.041452	  0.365369	  0.461685	  0.131494	
  0.027726	  0.018400	  0.003200	  0.950674	
  0.087136	  0.882232	  0.026168	  0.004464	
  0.987600	  0.006800	  0.001600	  0.004000	
  0.204822	  0.074190	  0.160084	  0.560905	
  0.518378	  0.083348	  0.016948	  0.381326	
  0.290336	  0.185684	  0.110864	  0.413116	
  0.134274	  0.417895	  0.102694	  0.345137	
  0.215790	  0.142948	  0.490799	  0.150464	
  0.539537	  0.079558	  0.245894	  0.135010	
  0.472968	  0.114464	  0.292948	  0.119620	
  0.797074	  0.097094	  0.027264	  0.078568	

MOTIF AC0052:ZNF:C2H2_ZF AC0052:ZNF:C2H2_ZF

letter-probability matrix: alength= 4 w= 7 nsites= 20 E= 0
  0.462880	  0.045040	  0.141610	  0.350470	
  0.088341	  0.911239	  0.000210	  0.000210	
  0.091741	  0.000210	  0.000210	  0.907839	
  0.088341	  0.819708	  0.000210	  0.091741	
  0.999370	  0.000210	  0.000210	  0.000210	
  0.633026	  0.000210	  0.000210	  0.366554	
  0.129350	  0.028470	  0.120000	  0.722180	

MOTIF AC0053:PAX:Homeodomain,Paired_box AC0053:PAX:Homeodomain,Paired_box

letter-probability matrix: alength= 4 w= 4 nsites= 20 E= 0
  0.135140	  0.324320	  0.540540	  0.000000	
  0.027030	  0.000000	  0.000000	  0.972970	
  0.000000	  0.000000	  0.000000	  1.000000	
  0.027030	  0.054050	  0.000000	  0.918920	

MOTIF AC0054:ELK/ETV:Ets AC0054:ELK/ETV:Ets

letter-probability matrix: alength= 4 w= 10 nsites= 20 E= 0
  0.104940	  0.126162	  0.070625	  0.698272	
  0.043570	  0.939515	  0.000000	  0.016915	
  0.003960	  0.000000	  0.994630	  0.001410	
  0.015097	  0.004488	  0.119473	  0.860942	
  0.979811	  0.004417	  0.007692	  0.008080	
  0.965438	  0.013572	  0.007955	  0.013035	
  0.955364	  0.002103	  0.034510	  0.008023	
  0.000567	  0.066880	  0.029287	  0.903266	
  0.111035	  0.161312	  0.704042	  0.023612	
  0.086270	  0.782096	  0.054818	  0.076815	

MOTIF AC0055:HOXC/HOXD:Homeodomain AC0055:HOXC/HOXD:Homeodomain

letter-probability matrix: alength= 4 w= 7 nsites= 20 E= 0
  0.012685	  0.039696	  0.005563	  0.942056	
  0.021332	  0.937785	  0.004131	  0.036752	
  0.159413	  0.000947	  0.836346	  0.003294	
  0.002313	  0.003114	  0.001482	  0.993091	
  0.816269	  0.004467	  0.004464	  0.174800	
  0.971567	  0.005406	  0.002167	  0.020860	
  0.926984	  0.031890	  0.008487	  0.032639	

MOTIF AC0056:HOXC/HOXA:Homeodomain AC0056:HOXC/HOXA:Homeodomain

letter-probability matrix: alength= 4 w= 8 nsites= 20 E= 0
  0.109403	  0.078757	  0.143106	  0.668734	
  0.020221	  0.006519	  0.026003	  0.947257	
  0.024692	  0.003694	  0.002907	  0.968707	
  0.144011	  0.011884	  0.012786	  0.831319	
  0.979253	  0.002416	  0.003316	  0.015015	
  0.019425	  0.049285	  0.014889	  0.916401	
  0.064779	  0.029167	  0.326116	  0.579938	
  0.383073	  0.012375	  0.583151	  0.021401	

MOTIF AC0057:TBP/ZNF:TBP AC0057:TBP/ZNF:TBP

letter-probability matrix: alength= 4 w= 10 nsites= 20 E= 0
  0.032310	  0.080937	  0.044948	  0.841804	
  0.867489	  0.000000	  0.014315	  0.118196	
  0.015600	  0.024600	  0.018967	  0.940833	
  0.916615	  0.015100	  0.016493	  0.051792	
  0.709036	  0.008390	  0.006712	  0.275862	
  0.870874	  0.008887	  0.109174	  0.011065	
  0.558095	  0.004247	  0.164766	  0.272892	
  0.399487	  0.077603	  0.455708	  0.067202	
  0.106260	  0.348806	  0.458836	  0.086098	
  0.185007	  0.336888	  0.353607	  0.124497	

MOTIF AC0058:CDX:Homeodomain AC0058:CDX:Homeodomain

letter-probability matrix: alength= 4 w= 6 nsites= 20 E= 0
  0.000000	  0.793910	  0.000000	  0.206090	
  0.627240	  0.032260	  0.093190	  0.247310	
  0.032260	  0.161290	  0.000000	  0.806450	
  0.752690	  0.129030	  0.053760	  0.064520	
  0.935480	  0.032260	  0.000000	  0.032260	
  0.870970	  0.096770	  0.000000	  0.032260	

MOTIF AC0059:RHOXF/DPRX:Homeodomain AC0059:RHOXF/DPRX:Homeodomain

letter-probability matrix: alength= 4 w= 7 nsites= 20 E= 0
  0.413421	  0.265642	  0.104985	  0.215952	
  0.111789	  0.021645	  0.014259	  0.852307	
  0.570821	  0.059860	  0.242968	  0.126351	
  0.973804	  0.006910	  0.012259	  0.007027	
  0.028939	  0.022120	  0.192055	  0.756886	
  0.084027	  0.807216	  0.055822	  0.052935	
  0.059131	  0.676319	  0.069979	  0.194571	

MOTIF AC0060:OTX:Homeodomain AC0060:OTX:Homeodomain

letter-probability matrix: alength= 4 w= 11 nsites= 20 E= 0
  0.084680	  0.030840	  0.013405	  0.871075	
  0.917675	  0.006855	  0.027875	  0.047595	
  0.973360	  0.004795	  0.015270	  0.006575	
  0.030450	  0.023460	  0.285339	  0.660752	
  0.167049	  0.802791	  0.020615	  0.009545	
  0.023750	  0.009830	  0.943145	  0.023275	
  0.002595	  0.060005	  0.924725	  0.012675	
  0.832540	  0.130095	  0.013255	  0.024110	
  0.000000	  0.002570	  0.000325	  0.997105	
  0.016700	  0.018855	  0.003785	  0.960660	
  0.940580	  0.004725	  0.020670	  0.034025	

MOTIF AC0061:PITX/OTX:Homeodomain AC0061:PITX/OTX:Homeodomain

letter-probability matrix: alength= 4 w= 6 nsites= 20 E= 0
  0.019436	  0.009649	  0.001933	  0.968982	
  0.955019	  0.005514	  0.026127	  0.013340	
  0.995367	  0.001442	  0.000389	  0.002802	
  0.004095	  0.004061	  0.077176	  0.914668	
  0.029774	  0.909929	  0.028913	  0.031384	
  0.029128	  0.819230	  0.046495	  0.105147	

MOTIF AC0062:NKX:Homeodomain AC0062:NKX:Homeodomain

letter-probability matrix: alength= 4 w= 7 nsites= 20 E= 0
  0.187513	  0.017815	  0.095805	  0.698867	
  0.028430	  0.545323	  0.153227	  0.273020	
  0.921178	  0.009782	  0.045742	  0.023298	
  0.899872	  0.030173	  0.011370	  0.058585	
  0.000000	  0.890643	  0.032865	  0.076492	
  0.037085	  0.163598	  0.777944	  0.021372	
  0.580069	  0.196673	  0.062843	  0.160415	

MOTIF AC0063:HOXB/LHX:Homeodomain AC0063:HOXB/LHX:Homeodomain

letter-probability matrix: alength= 4 w= 6 nsites= 20 E= 0
  0.046099	  0.056066	  0.022090	  0.875745	
  0.792799	  0.024005	  0.064169	  0.119027	
  0.896233	  0.013697	  0.062428	  0.027642	
  0.002022	  0.529736	  0.007727	  0.460515	
  0.065949	  0.039010	  0.822863	  0.072178	
  0.657390	  0.134360	  0.075187	  0.133063	

MOTIF AC0064:NKX:Homeodomain AC0064:NKX:Homeodomain

letter-probability matrix: alength= 4 w= 12 nsites= 20 E= 0
  0.026690	  0.903720	  0.026160	  0.043430	
  0.810740	  0.029620	  0.119980	  0.039660	
  0.516900	  0.018540	  0.452020	  0.012540	
  0.008760	  0.097980	  0.009850	  0.883410	
  0.994960	  0.000000	  0.005040	  0.000000	
  0.998880	  0.000000	  0.001120	  0.000000	
  0.000000	  0.992740	  0.004470	  0.002790	
  0.000000	  0.017750	  0.979480	  0.002770	
  0.996070	  0.000000	  0.000560	  0.003370	
  0.000000	  0.914821	  0.007890	  0.077289	
  0.891700	  0.000000	  0.047570	  0.060730	
  0.035800	  0.152300	  0.009080	  0.802820	

MOTIF AC0065:MEOX:Homeodomain AC0065:MEOX:Homeodomain

letter-probability matrix: alength= 4 w= 12 nsites= 20 E= 0
  0.043350	  0.027290	  0.014150	  0.915211	
  0.807730	  0.003370	  0.158280	  0.030620	
  0.982520	  0.003860	  0.003740	  0.009880	
  0.006090	  0.019110	  0.001430	  0.973370	
  0.011510	  0.001450	  0.788510	  0.198530	
  0.984070	  0.002290	  0.012070	  0.001570	
  0.000850	  0.006300	  0.004970	  0.987880	
  0.142141	  0.011030	  0.817538	  0.029290	
  0.983820	  0.007850	  0.003260	  0.005070	
  0.003980	  0.009160	  0.003980	  0.982880	
  0.037890	  0.014990	  0.407900	  0.539220	
  0.809812	  0.011530	  0.133049	  0.045610	

MOTIF AC0066:USF/BHLHE:bHLH AC0066:USF/BHLHE:bHLH

letter-probability matrix: alength= 4 w= 8 nsites= 20 E= 0
  0.085079	  0.109596	  0.126198	  0.679127	
  0.007805	  0.975039	  0.014597	  0.002559	
  0.963530	  0.006876	  0.016566	  0.013028	
  0.001843	  0.869233	  0.023790	  0.105134	
  0.097805	  0.047054	  0.853347	  0.001794	
  0.015306	  0.021198	  0.007464	  0.956032	
  0.002627	  0.014127	  0.978509	  0.004737	
  0.655884	  0.140334	  0.136746	  0.067036	

MOTIF AC0067:CREB3L/ATF6B:bZIP AC0067:CREB3L/ATF6B:bZIP

letter-probability matrix: alength= 4 w= 9 nsites= 20 E= 0
  0.323126	  0.581706	  0.053805	  0.041363	
  0.060591	  0.747591	  0.093024	  0.098795	
  0.879193	  0.009088	  0.097305	  0.014414	
  0.004523	  0.944969	  0.009789	  0.040719	
  0.015200	  0.009059	  0.970941	  0.004800	
  0.007112	  0.031355	  0.007752	  0.953781	
  0.046175	  0.055309	  0.844717	  0.053799	
  0.037023	  0.027780	  0.789870	  0.145327	
  0.067060	  0.835262	  0.032095	  0.065583	

MOTIF AC0068:HEY/CLOCK:bHLH AC0068:HEY/CLOCK:bHLH

letter-probability matrix: alength= 4 w= 6 nsites= 20 E= 0
  0.080095	  0.782669	  0.046897	  0.090339	
  0.625766	  0.028532	  0.294612	  0.051090	
  0.029210	  0.801170	  0.025927	  0.143693	
  0.326658	  0.042356	  0.604332	  0.026654	
  0.041553	  0.212693	  0.020566	  0.725187	
  0.080904	  0.038652	  0.806288	  0.074156	

MOTIF AC0069:MAX/HES:bHLH AC0069:MAX/HES:bHLH

letter-probability matrix: alength= 4 w= 6 nsites= 20 E= 0
  0.018081	  0.968889	  0.005479	  0.007551	
  0.890442	  0.009571	  0.075845	  0.024142	
  0.002498	  0.910917	  0.004863	  0.081722	
  0.053359	  0.008839	  0.935566	  0.002236	
  0.006470	  0.086772	  0.003633	  0.903125	
  0.005855	  0.005415	  0.979580	  0.009150	

MOTIF AC0070:ZNF:C2H2_ZF AC0070:ZNF:C2H2_ZF

